
X = [0.01; 1.93; 2.95; 3.26; 4.18; 5.73; 6.29; 7.70; 8.91; 9.12];
Y = [0.98; 0.84; 0.80; 0.78; 0.82; 0.78; 0.80; 0.85; 0.90; 0.95];

function a=Levenberg-Marquerd(a0)
  lambda=0,001;
  a = lambda;
end